0 1 0.00561404
1 1 0.00395703
2 2 0.00529599
3 2 0.00541997
4 1 0.00508904
5 2 0.00506806
6 2 0.00503993
7 2 0.00340199
8 2 0.00348902
9 2 0.00349593
10 2 0.00339699
11 1 0.0051291
12 1 0.00361681
13 1 0.00341892
14 1 0.00349712
15 1 0.0034709
16 1 0.00333095
17 2 0.00502205
18 1 0.00500202
19 1 0.00334501
20 1 0.0034101
21 1 0.0034821
22 2 0.00497794
23 2 0.00516105
24 4 0.00507879
25 4 0.00341296
26 5 0.0050621
27 5 0.005023
28 5 0.00343609
29 8 0.00518394
30 8 0.00519109
31 7 0.00526619
32 7 0.005301
33 7 0.00521111
34 7 0.00521898
35 5 0.00531697
36 5 0.00524497
37 7 0.00534201
38 7 0.00541282
39 7 0.00350285
40 6 0.00518703
41 6 0.00345421
42 6 0.00342298
43 6 0.00349593
44 6 0.003438
45 5 0.00510192
46 5 0.00504279
47 4 0.00529814
48 6 0.00546098
49 5 0.00500202
50 5 0.00354505
51 4 0.00520301
52 6 0.00540018
53 8 0.00529981
54 8 0.005301
55 8 0.00535798
56 9 0.00542688
57 11 0.005651
58 10 0.00545502
59 11 0.00547385
60 13 0.00562191
61 13 0.0054059
62 15 0.00550103
63 17 0.00570202
64 18 0.00563407
65 17 0.00582504
66 19 0.00564599
67 19 0.00641513
68 20 0.00529194
69 21 0.00529504
70 24 0.00561595
71 24 0.00576901
72 24 0.00551486
73 20 0.005615
74 20 0.00570297
75 21 0.00564194
76 22 0.00598288
77 27 0.00594282
78 25 0.006217
79 30 0.00640917
80 28 0.00557804
81 27 0.00560188
82 27 0.00581288
83 28 0.00585294
84 29 0.00586104
85 27 0.00587606
86 30 0.00585794
87 32 0.0058682
88 38 0.00602198
89 39 0.00654602
90 37 0.00677896
91 34 0.00669599
92 32 0.00659299
93 35 0.00631905
94 39 0.00688291
95 37 0.00687385
96 38 0.00685906
97 37 0.00599003
98 41 0.00595784
99 41 0.00613499
100 40 0.00612807
101 44 0.00593615
102 43 0.00639391
103 43 0.00706816
104 51 0.00706315
105 53 0.00685
106 55 0.00795698
107 52 0.00742292
108 58 0.00722599
109 61 0.00726891
110 60 0.00717998
111 68 0.00750208
112 74 0.00756693
113 69 0.00798297
114 70 0.00848413
115 75 0.0064261
116 80 0.00675607
117 77 0.00724602
118 84 0.00733495
119 85 0.00767303
120 85 0.00794101
121 82 0.00828409
122 86 0.00796509
123 95 0.00831389
124 98 0.0092001
125 105 0.00903392
126 102 0.00975895
127 105 0.00935602
128 109 0.00973296
129 117 0.010433
130 117 0.00925493
131 119 0.00903916
132 124 0.00966787
133 125 0.00960302
134 127 0.00985193
135 135 0.0100119
136 134 0.010391
137 148 0.0106819
138 156 0.013618
139 160 0.00912094
140 160 0.00930095
141 162 0.00972509
142 157 0.011364
143 155 0.010082
144 165 0.00930691
145 172 0.00896406
146 192 0.00960088
147 204 0.0111251
148 199 0.00844908
149 197 0.00892282
150 198 0.00944114
151 215 0.00988197
152 225 0.0130701
153 230 0.0110612
154 250 0.0116951
155 263 0.012759
156 259 0.013077
157 259 0.012944
158 256 0.0132082
159 270 0.014014
160 275 0.0136521
161 278 0.0125501
162 274 0.0176239
163 295 0.010884
164 297 0.0135369
165 316 0.0164859
166 336 0.01478
167 350 0.0138001
168 358 0.015691
169 387 0.013279
170 406 0.0126641
171 406 0.015208
172 423 0.0217919
173 436 0.0147769
174 453 0.0162389
175 477 0.0135229
176 487 0.015274
177 497 0.017519
178 509 0.0152481
179 518 0.0166061
180 540 0.0185418
181 548 0.015166
182 548 0.017345
183 578 0.0172379
184 582 0.0202739
185 601 0.021821
186 597 0.0198181
187 599 0.020617
188 626 0.0193448
189 640 0.023123
190 662 0.0214639
191 684 0.0194709
192 710 0.018836
193 747 0.0235932
194 773 0.0222869
195 809 0.0201969
196 845 0.0244751
197 876 0.0255229
198 906 0.027868
199 932 0.026794
200 968 0.0294819
201 1025 0.0265779
202 1087 0.0333409
203 1126 0.038662
204 1175 0.0361261
205 1207 0.0337331
206 1237 0.0374069
207 1249 0.034657
208 1293 0.036649
209 1334 0.042356
210 1402 0.0429919
211 1450 0.0434411
212 1488 0.0396791
213 1526 0.036087
214 1577 0.029722
215 1625 0.0383689
216 1663 0.039109
217 1748 0.0424418
218 1796 0.085973
219 1854 0.0358291
220 1916 0.0418642
221 2033 0.043947
222 2075 0.0484209
223 2166 0.0486479
224 2284 0.0404501
225 2333 0.0530529
226 2423 0.0546989
227 2497 0.0553641
228 2599 0.105857
229 2694 0.0490839
230 2792 0.0610321
231 2923 0.053365
232 3052 0.0665791
233 3127 0.067626
234 3212 0.056742
235 3344 0.0770421
236 3448 0.0777879
237 3549 0.078572
238 3698 0.160754
239 3858 0.31907
240 3988 0.08599
241 4118 0.0830131
242 4191 0.086967
243 4320 0.0923331
244 4407 0.0963838
245 4544 0.0957901
246 4735 0.0856318
247 4859 0.116305
248 5003 0.1052
249 5155 0.089318
250 5331 0.112109
251 5496 0.100142
252 5691 0.122995
253 5806 0.107948
254 6082 0.142909
255 6337 0.133433
256 6519 0.121261
257 6780 0.165902
258 7040 0.155842
259 7239 0.154402
260 7477 0.147744
261 7694 0.154422
262 7962 0.166564
263 8195 0.309153
264 8441 0.203399
265 8760 0.178693
266 9080 0.16947
267 9318 0.227655
268 9630 0.19898
269 9993 0.210153
270 10343 0.21123
271 10657 0.48199
272 10973 0.230544
273 11368 0.230968
274 11769 0.223964
275 12214 0.247605
276 12609 0.256084
277 12966 0.24569
278 13474 0.271064
279 13931 0.26174
280 14492 0.290516
281 14923 0.299855
282 15469 0.31194
283 16009 0.328625
284 16544 0.318287
285 17110 0.428311
286 17762 0.368153
287 18365 0.393077
288 18936 0.391781
289 19598 0.381069
290 20132 0.429749
291 20773 0.430748
292 21450 0.440543
293 22236 0.470413
294 22994 1.40876
295 23759 0.494543
296 24541 1.29612
297 25316 0.561637
298 26074 0.541328
299 27029 0.571855
300 28031 0.635131
